1
1
1
1
1
1
1
1
1
1
-1
1
1
1
1
1
2
2
2
2
2
-1
2
2
2
2
2
2
2
2
2
2
2
2
2
2
2
2
2
2
2
2
2
-1
2
2
2
2
3
3
3
3
2
2
2
2
3
3
3
3
2
2
2
2
3
3
3
3
-1
10
10
10
10
10
-1
6
6
6
6
6
6
6
6
6
6
6
6
6
6
6
6
-1
6
8
6
8
6
8
6
8
6
8
-1
8
8
8
8
8
8
8
8
8
8
8
8
8
8
8
8
8
8
8
8
8
8
8
8
-1
10
10
10
10
10
10
10
10
10
10
10
10
-1
50
50
50
50
50
-1
1
2
3
4
5
6
7
8
9
10
11
12
13
14
15
16
17
18
19
20
21
22
23
24
25
26
27
28
29
30
30
30
-1
10
20
30
40
50
40
30
20
10
20
30
40
50
40
30
20
10
-1
60
50
70
60
50
70
60
50
70
60
50
70
-1
1
1
1
1
1
1
1
1
1
1
1
-1
200
200
200
-1
